url_path,views_total,views_unique
/cschu/gff_quantifier,13,3
/cschu/gff_quantifier/blob/main/gffquant/bin/build_bed_database.py,2,1
/cschu/gff_quantifier/blob/main/gffquant/bin/build_gene_database.py,2,1
/cschu/gff_quantifier/blob/main/gffquant/db/annotation_db.py,2,1
/cschu/gff_quantifier/blob/main/gffquant/db/importers/gene_database_importer.py,2,1
/cschu/gff_quantifier/tree/main/gffquant/db,2,1
/cschu/gff_quantifier/blob/main/gffquant/db/database.py,1,1
/cschu/gff_quantifier/blob/main/gffquant/db/gff_dbm.py,1,1
/cschu/gff_quantifier/blob/main/gffquant/db/importers/annstr_db_importer.py,1,1
/cschu/gff_quantifier/blob/main/gffquant/db/importers/chunk_reader.py,1,1
